0, -2.21163e-05, -6.63492e-05, -0.000110583, -0.000154819, -0.000199058, -0.0002433, -0.000287546, -0.000331797, -0.000376054, -0.000420317, -0.000464588, -0.000508866, -0.000553153, -0.00059745, -0.000641757, -0.000686075, -0.000730405, -0.000777303, 0, 
0, 1.64768e-08, 1.58151e-10, 1.61839e-08, 5.53171e-10, 1.57109e-08, 1.11154e-09, 1.50043e-08, 1.93336e-09, 1.40926e-08, 2.99306e-09, 1.29562e-08, 4.12571e-09, 1.1803e-08, 5.35428e-09, 1.05194e-08, 6.61841e-09, 9.212e-09, 8.03047e-09, 8.03109e-09, 
0, 1.97284e-10, -1.14724e-11, 2.12035e-10, 1.73774e-11, 2.20541e-10, -2.76729e-12, 1.83342e-10, 1.35715e-11, 2.33428e-10, -2.31412e-11, 1.3485e-10, 7.54835e-11, 1.14269e-10, 1.1617e-10, 9.22458e-11, 1.02442e-10, 8.94574e-11, 1.32035e-10, 1.33024e-10, 
0, -4.1689e-11, -9.2254e-12, -3.19096e-11, -1.51076e-11, -2.90221e-11, 2.52001e-11, -2.74761e-11, 8.24103e-12, -5.12017e-11, -4.47169e-12, -2.92677e-11, 1.2938e-11, -2.05686e-11, -1.02266e-12, -3.264e-11, -8.60866e-12, -1.36004e-12, -2.16502e-11, -2.13127e-11, 
0, -4.50679e-11, 6.06451e-12, -3.19721e-11, -1.4467e-11, -2.14283e-11, -2.43308e-11, -6.54695e-12, -1.75281e-11, -2.42603e-11, -1.69181e-11, 1.10496e-11, -3.70783e-11, 1.03347e-11, -9.18188e-11, 5.93312e-11, -2.53309e-11, 6.94434e-12, -3.44267e-11, -3.45015e-11, 
0, -3.59808e-11, -2.82011e-11, -3.73763e-11, -1.21134e-11, 1.32019e-11, -5.76773e-11, 9.29145e-12, -6.86671e-12, -1.82181e-11, -1.32884e-11, 1.51053e-11, -2.71748e-11, -2.88162e-11, 5.75231e-11, -9.0949e-11, -5.87439e-11, -3.64438e-12, -4.03139e-12, -3.28782e-12, 
0, 3.906e-11, -6.05295e-12, 7.46478e-12, 1.53556e-11, 1.55669e-11, 3.17886e-11, 8.40254e-12, 2.00653e-11, 2.00288e-11, -5.32216e-12, 1.02806e-11, 3.18126e-11, -1.35454e-12, 3.66084e-12, 9.04018e-12, 3.6241e-11, -2.37784e-11, 1.81729e-11, 1.75951e-11, 
0, -1.53574e-11, 3.15117e-12, -6.60508e-12, -1.37625e-12, 3.25065e-11, -1.55257e-11, -1.4609e-11, 9.92029e-12, -3.91071e-11, 4.04116e-11, 1.1918e-11, -3.17365e-11, -9.42655e-13, -4.66006e-12, -1.56415e-11, 1.8735e-11, 1.72877e-11, -1.58099e-11, -1.58937e-11, 
0, -1.67172e-11, -1.69225e-11, -4.33682e-11, -1.44421e-11, -2.26219e-12, -1.75588e-11, -5.58985e-11, -8.92023e-12, 2.73893e-11, -6.15016e-11, -8.6518e-12, -2.84289e-11, -5.21103e-11, 2.82127e-11, -4.88225e-11, -2.01008e-11, 1.40931e-11, -2.60954e-11, -2.63878e-11, 
0, 4.94122e-11, 7.75222e-12, 2.14875e-11, 4.81224e-11, 1.0681e-11, 3.77042e-11, 4.74937e-11, 2.13688e-11, 2.06947e-11, 2.9414e-11, 3.47239e-11, 2.26584e-11, 2.54456e-11, 7.67229e-11, 4.20174e-12, 1.77376e-12, 9.27496e-11, 7.17156e-12, 7.38489e-12, 
0, 1.22254e-11, 2.3139e-11, 3.45194e-11, 1.67215e-11, 3.35568e-11, 3.23218e-13, 1.44889e-11, 4.59785e-11, -2.01672e-11, 5.63596e-12, -2.25771e-11, 3.92928e-11, 1.15469e-11, 3.32269e-11, 4.033e-11, -1.23044e-11, 3.14087e-11, -2.26198e-13, -2.46631e-13, 
0, 9.22215e-12, 1.16251e-11, 2.04562e-11, 1.54831e-11, -3.05229e-11, -2.08913e-11, 1.47374e-12, 2.03332e-11, -7.93987e-12, 2.18429e-12, 8.72729e-12, 1.61518e-11, 1.49773e-11, -9.01774e-13, 3.78961e-12, 3.71689e-11, -1.10492e-11, 1.5162e-11, 1.5368e-11, 
0, 6.87537e-12, 2.58086e-12, 9.73289e-12, 1.08175e-11, 5.57427e-11, 8.68036e-12, -1.47798e-11, 3.5552e-12, 2.04102e-11, -1.4787e-11, 5.33587e-11, -4.29415e-11, 4.09945e-11, -9.07341e-12, 4.93082e-11, 1.25716e-11, 3.41217e-11, -1.2791e-11, -1.31203e-11, 
0, -1.25962e-11, 3.40564e-13, -1.54332e-11, 3.76706e-11, 3.20821e-11, -2.61617e-11, 2.73343e-12, 1.06775e-11, -2.66089e-11, 8.98493e-12, 1.30449e-11, -8.57505e-13, -1.17197e-15, 2.18782e-11, -2.5167e-11, 2.40978e-11, 3.09078e-11, -4.9959e-13, 2.79855e-13, 
0, -1.07528e-11, -1.02215e-11, -1.24414e-11, -8.15989e-12, 4.40309e-12, 3.97813e-12, -2.09217e-11, -2.92579e-11, 1.26119e-11, -3.55237e-11, -2.22711e-11, -6.5049e-13, -1.77377e-11, 1.05906e-11, -4.44198e-12, -1.86225e-11, -4.99431e-12, -1.09359e-11, -1.11487e-11, 
0, -1.1614e-11, 2.41686e-12, 1.4652e-11, -5.99244e-13, -2.90481e-11, 2.03148e-11, 2.76717e-11, -2.78515e-11, -5.25908e-12, -2.57752e-12, 3.09889e-11, 1.77266e-11, 3.53437e-11, -5.07243e-12, -8.32689e-12, 2.50245e-11, -4.4729e-11, 1.20836e-11, 1.21695e-11, 
0, 1.32147e-11, 1.30342e-11, -2.12452e-11, 3.59072e-11, 1.82859e-11, -2.73422e-11, 2.05281e-11, 5.65733e-13, 2.76824e-11, 8.40999e-12, -1.00692e-11, 2.49545e-11, 1.36165e-11, 1.96069e-11, -2.75081e-11, 6.48692e-11, -5.49566e-11, 4.70289e-11, 4.76461e-11, 
0, -1.46946e-11, 2.49489e-12, -1.28124e-11, 2.57212e-11, -2.40206e-12, -1.97331e-11, 6.79246e-12, -1.42376e-11, -3.0294e-11, -1.5039e-11, 2.36307e-11, 5.41394e-11, -3.05773e-11, -1.27491e-12, 2.72605e-12, -7.99494e-11, -6.28946e-12, 1.00739e-11, 1.08562e-11, 
0, -2.94664e-12, -6.18907e-12, -4.60824e-12, 2.20728e-11, 4.55629e-12, 9.31072e-12, -1.13083e-11, -3.9994e-12, 5.57104e-12, 2.23357e-11, 8.99196e-12, -1.92737e-11, 2.64799e-11, -2.42879e-11, 4.89942e-11, -3.58659e-12, -3.27459e-11, -1.73269e-12, -2.16254e-12, 
0, 2.10922e-11, -1.39054e-11, 8.5165e-12, 1.14086e-11, 2.55693e-11, 2.26545e-11, -8.88626e-12, 2.45047e-12, 1.96268e-11, 2.13254e-11, 1.37566e-11, 3.83939e-12, 3.7894e-11, -2.67665e-11, -5.61398e-11, 5.66892e-11, 2.40238e-11, 1.81556e-11, 1.85445e-11, 
0, 7.36141e-13, 2.94794e-11, -9.14133e-12, -1.56821e-11, 1.78915e-11, -3.20321e-11, 4.21277e-11, 9.2158e-12, -1.61614e-11, -1.76765e-11, -2.0392e-11, 5.80815e-12, 2.80459e-11, 1.97725e-11, -3.03359e-11, 2.21865e-11, 4.3177e-12, -1.83277e-12, -1.92115e-12, 
0, 4.29446e-11, 2.9336e-11, 2.03481e-11, 1.73279e-11, 9.46342e-12, 5.45207e-11, 1.92025e-11, 3.17352e-11, 2.72331e-11, 4.30241e-11, 2.33646e-11, 1.45241e-11, 2.79052e-11, 2.00881e-12, 3.93304e-11, 5.12461e-11, 3.36267e-11, 9.83479e-12, 9.53741e-12, 
0, -3.0237e-11, -7.59981e-12, -1.12777e-11, -5.05604e-11, -1.49274e-11, 1.16323e-11, -3.79169e-11, -4.35646e-11, -5.34688e-12, -5.40485e-12, -1.06452e-11, -5.09761e-11, -3.0623e-11, -7.19702e-12, -2.66325e-11, -4.88885e-11, -1.08784e-11, 8.34593e-12, 9.16576e-12, 
0, 5.88986e-13, 3.42902e-12, 3.04851e-11, 1.14443e-11, 1.44044e-11, -1.18956e-11, -3.51476e-12, 4.2532e-11, -1.56435e-11, 7.35894e-12, 1.25208e-11, 4.08939e-11, -1.84036e-12, -2.67155e-11, 8.20216e-11, -2.33164e-11, 2.68997e-11, -5.04788e-14, 1.85996e-13, 
0, 4.71119e-11, 3.20791e-11, 1.72785e-11, 2.08936e-11, 1.38293e-12, 2.57218e-12, 4.01472e-11, 5.274e-11, 5.22265e-12, 2.71566e-11, 1.50226e-11, 4.73516e-11, -6.76226e-13, 4.68504e-11, 4.03272e-11, -5.79531e-12, 5.1043e-11, -4.64268e-12, -5.29389e-12, 
0, -5.14017e-11, -4.0502e-11, -3.86286e-11, -5.07779e-11, -3.63149e-11, -3.96576e-11, -5.08668e-11, -4.36633e-11, -4.72317e-11, -3.58562e-11, -6.42159e-11, -4.69131e-11, -2.85216e-11, -6.32195e-11, -5.92342e-11, -6.25958e-11, -4.39673e-11, -1.89185e-11, -1.88898e-11, 
0, -1.38047e-11, -8.0118e-13, -1.3246e-11, -1.4658e-12, -1.2165e-11, -3.09363e-12, -1.0059e-11, -5.51471e-12, -7.453e-12, -8.2372e-12, -4.72002e-12, -1.07311e-11, -2.83971e-12, -1.16523e-11, -3.03512e-12, -1.04173e-11, -5.07235e-12, -7.86644e-12, -7.88008e-12, 
0, -1.4741e-12, -1.44855e-13, -1.32387e-12, -2.986e-13, -1.1671e-12, -4.57334e-13, -1.00853e-12, -6.12575e-13, -8.60951e-13, -7.47441e-13, -7.44257e-13, -8.40876e-13, -6.78244e-13, -8.76986e-13, -6.72432e-13, -8.54556e-13, -7.18663e-13, -7.91125e-13, -7.92964e-13, 
0, -1.43038e-13, -1.37273e-14, -1.29153e-13, -2.75128e-14, -1.15599e-13, -4.06847e-14, -1.02994e-13, -5.25351e-14, -9.20969e-14, -6.2299e-14, -8.36246e-14, -6.93693e-14, -7.8016e-14, -7.35289e-14, -7.5223e-14, -7.51167e-14, -7.46118e-14, -7.50417e-14, -7.52164e-14, 
0, -1.4443e-14, -1.33785e-15, -1.31316e-14, -2.6038e-15, -1.1916e-14, -3.76332e-15, -1.08203e-14, -4.78813e-15, -9.87391e-15, -5.65042e-15, -9.10012e-15, -6.33434e-15, -8.5051e-15, -6.84512e-15, -8.07107e-15, -7.21342e-15, -7.75496e-15, -7.49344e-15, -7.51071e-15, 
0, -1.50586e-15, -1.36435e-16, -1.37482e-15, -2.60649e-16, -1.25732e-15, -3.71537e-16, -1.15312e-15, -4.69032e-16, -1.06242e-15, -5.52978e-16, -9.85171e-16, -6.23759e-16, -9.20536e-16, -6.82764e-16, -8.66534e-16, -7.32574e-16, -8.20005e-16, -7.76862e-16, -7.7864e-16, 
0, -1.59836e-16, -1.4313e-17, -1.4624e-16, -2.70705e-17, -1.34273e-16, -3.82972e-17, -1.23754e-16, -4.81469e-17, -1.14546e-16, -5.67499e-17, -1.06516e-16, -6.42498e-17, -9.95028e-17, -7.08301e-17, -9.32981e-17, -7.67266e-17, -8.76398e-17, -8.22241e-17, -8.24115e-17, 
0, -1.71196e-17, -1.5241e-18, -1.56799e-17, -2.86795e-18, -1.44248e-17, -4.04177e-18, -1.33266e-17, -5.07057e-18, -1.23623e-17, -5.97603e-18, -1.15109e-17, -6.77884e-18, -1.07516e-17, -7.50045e-18, -1.00621e-17, -8.164e-18, -9.41837e-18, -8.79453e-18, -8.81455e-18, 
0, -1.84177e-18, -1.63501e-19, -1.68775e-18, -3.06899e-19, -1.55411e-18, -4.31689e-19, -1.43744e-18, -5.41008e-19, -1.33484e-18, -6.37589e-19, -1.2437e-18, -7.23936e-19, -1.16158e-18, -8.02444e-19, -1.08611e-18, -8.75496e-19, -1.01489e-18, -9.455e-19, -9.4765e-19, 
0, -1.98566e-19, -1.76033e-20, -1.82005e-19, -3.30025e-20, -1.67669e-19, -4.63791e-20, -1.55168e-19, -5.80944e-20, -1.44165e-19, -6.84642e-20, -1.34362e-19, -7.77723e-20, -1.25487e-19, -8.62819e-20, -1.17283e-19, -9.42442e-20, -1.09503e-19, -1.01904e-19, -1.02135e-19, 
0, -2.14299e-20, -1.89857e-21, -1.96449e-20, -3.55734e-21, -1.81015e-20, -4.99699e-21, -1.67563e-20, -6.25769e-21, -1.55719e-20, -7.37461e-21, -1.45151e-20, -8.37911e-21, -1.35561e-20, -9.29985e-21, -1.26672e-20, -1.01636e-20, -1.18223e-20, -1.09961e-20, -1.10211e-20, 
0, -2.31392e-21, -2.04936e-22, -2.12131e-21, -3.83881e-22, -1.95485e-21, -5.39123e-22, -1.8098e-21, -6.7506e-22, -1.68207e-21, -7.95546e-22, -1.56803e-21, -9.04006e-22, -1.46442e-21, -1.00355e-21, -1.36826e-21, -1.09704e-21, -1.27676e-21, -1.18723e-21, -1.18993e-21, 
0, -2.49908e-22, -2.21301e-23, -2.29112e-22, -4.14481e-23, -2.11143e-22, -5.82038e-23, -1.95488e-22, -7.28756e-23, -1.81701e-22, -8.58824e-23, -1.69388e-22, -9.75961e-23, -1.58194e-22, -1.08353e-22, -1.478e-22, -1.18463e-22, -1.37904e-22, -1.28219e-22, -1.2851e-22, 
0, -2.69935e-23, -2.39019e-24, -2.47476e-23, -4.47637e-24, -2.28072e-23, -6.28566e-24, -2.11169e-23, -7.86992e-24, -1.96281e-23, -9.27453e-24, -1.82982e-23, -1.05398e-23, -1.7089e-23, -1.1702e-23, -1.59658e-23, -1.27946e-23, -1.48961e-23, -1.38492e-23, -1.38806e-23, 
0, -2.91583e-24, -2.58179e-25, -2.67324e-24, -4.83505e-25, -2.46367e-24, -6.78916e-25, -2.28111e-24, -8.50021e-25, -2.12031e-24, -1.00173e-24, -1.97667e-24, -1.1384e-24, -1.84604e-24, -1.26396e-24, -1.72469e-24, -1.38201e-24, -1.60911e-24, -1.49597e-24, -1.49937e-24, 
0, -3.14976e-25, -2.78886e-26, -2.88771e-25, -5.22278e-26, -2.66134e-25, -7.33351e-26, -2.46415e-25, -9.1817e-26, -2.29046e-25, -1.08204e-25, -2.1353e-25, -1.22968e-25, -1.99419e-25, -1.36531e-25, -1.86309e-25, -1.49286e-25, -1.73821e-25, -1.61598e-25, -1.61965e-25, 
0, -3.40249e-26, -3.01261e-27, -3.11942e-26, -5.64176e-27, -2.87489e-26, -7.92178e-27, -2.66188e-26, -9.91819e-27, -2.47427e-26, -1.16884e-26, -2.30666e-26, -1.32832e-26, -2.15423e-26, -1.47484e-26, -2.0126e-26, -1.61263e-26, -1.87769e-26, -1.74564e-26, -1.7496e-26, 
0, -3.67552e-27, -3.25435e-28, -3.36974e-27, -6.09444e-28, -3.10559e-27, -8.55738e-28, -2.8755e-27, -1.0714e-27, -2.67283e-27, -1.26261e-27, -2.49177e-27, -1.43489e-27, -2.3271e-27, -1.59318e-27, -2.1741e-27, -1.74203e-27, -2.02837e-27, -1.88571e-27, -1.89e-27, 
0, -3.97047e-28, -3.51549e-29, -3.64015e-28, -6.58348e-29, -3.35481e-28, -9.24404e-29, -3.10625e-28, -1.15737e-28, -2.88732e-28, -1.36393e-28, -2.69173e-28, -1.55003e-28, -2.51385e-28, -1.72102e-28, -2.34858e-28, -1.88182e-28, -2.19115e-28, -2.03704e-28, -2.04166e-28, 
0, -4.2891e-29, -3.7976e-30, -3.93227e-29, -7.11178e-30, -3.62403e-29, -9.98584e-30, -3.35553e-29, -1.25024e-29, -3.11903e-29, -1.47338e-29, -2.90774e-29, -1.67442e-29, -2.71559e-29, -1.85913e-29, -2.53705e-29, -2.03283e-29, -2.36698e-29, -2.20051e-29, -2.2055e-29, 
0, -4.63329e-30, -4.10236e-31, -4.24783e-30, -7.6825e-31, -3.91486e-30, -1.07872e-30, -3.62481e-30, -1.35057e-30, -3.36933e-30, -1.59162e-30, -3.14109e-30, -1.80878e-30, -2.93352e-30, -2.00832e-30, -2.74065e-30, -2.19596e-30, -2.55693e-30, -2.3771e-30, -2.38249e-30, 
0, -5.00512e-31, -4.43157e-32, -4.58872e-31, -8.29901e-32, -4.22903e-31, -1.16529e-31, -3.9157e-31, -1.45895e-31, -3.63972e-31, -1.71934e-31, -3.39316e-31, -1.95394e-31, -3.16893e-31, -2.16949e-31, -2.96059e-31, -2.37218e-31, -2.76213e-31, -2.56786e-31, -2.57369e-31, 
0, -5.40678e-32, -4.78721e-33, -4.95697e-32, -8.96501e-33, -4.56841e-32, -1.2588e-32, -4.22994e-32, -1.57603e-32, -3.93181e-32, -1.85732e-32, -3.66547e-32, -2.11074e-32, -3.42324e-32, -2.34359e-32, -3.19817e-32, -2.56255e-32, -2.98379e-32, -2.77393e-32, -2.78023e-32, 
0, -5.84067e-33, -5.17138e-34, -5.35476e-33, -9.68445e-34, -4.93503e-33, -1.35982e-33, -4.56939e-33, -1.70251e-33, -4.24734e-33, -2.00637e-33, -3.95962e-33, -2.28013e-33, -3.69796e-33, -2.53166e-33, -3.45483e-33, -2.7682e-33, -3.22324e-33, -2.99654e-33, -3.00334e-33, 
0, -6.30939e-34, -5.58638e-35, -5.78449e-34, -1.04616e-34, -5.33106e-34, -1.46894e-34, -4.93608e-34, -1.83914e-34, -4.58819e-34, -2.16738e-34, -4.27738e-34, -2.46311e-34, -3.99472e-34, -2.73483e-34, -3.73208e-34, -2.99035e-34, -3.4819e-34, -3.23701e-34, -3.24436e-34, 
0, -6.81572e-35, -6.03469e-36, -6.24869e-35, -1.13012e-35, -5.75888e-35, -1.58683e-35, -5.33221e-35, -1.98673e-35, -4.95639e-35, -2.34131e-35, -4.62064e-35, -2.66077e-35, -4.3153e-35, -2.9543e-35, -4.03158e-35, -3.23032e-35, -3.76133e-35, -3.49678e-35, -3.50472e-35, 
0, -7.36268e-36, -6.51898e-37, -6.75015e-36, -1.22081e-36, -6.22103e-36, -1.71417e-36, -5.76012e-36, -2.14616e-36, -5.35415e-36, -2.5292e-36, -4.99145e-36, -2.8743e-36, -4.6616e-36, -3.19138e-36, -4.35511e-36, -3.48956e-36, -4.06318e-36, -3.7774e-36, -3.78598e-36, 
0, -7.95354e-37, -7.04213e-38, -7.29185e-37, -1.31878e-37, -6.72027e-37, -1.85173e-37, -6.22237e-37, -2.31839e-37, -5.78382e-37, -2.73217e-37, -5.39202e-37, -3.10497e-37, -5.0357e-37, -3.44749e-37, -4.70461e-37, -3.76959e-37, -4.38925e-37, -4.08053e-37, -4.0898e-37, 
0, -8.59181e-38, -7.60726e-39, -7.87703e-38, -1.42461e-38, -7.25958e-38, -2.00034e-38, -6.72171e-38, -2.50444e-38, -6.24797e-38, -2.95143e-38, -5.82473e-38, -3.35414e-38, -5.43981e-38, -3.72415e-38, -5.08216e-38, -4.0721e-38, -4.74149e-38, -4.408e-38, -4.41801e-38, 
0, -9.28131e-39, -8.21774e-40, -8.50916e-39, -1.53894e-39, -7.84216e-39, -2.16086e-39, -7.26113e-39, -2.70543e-39, -6.74937e-39, -3.18828e-39, -6.29216e-39, -3.62331e-39, -5.87636e-39, -4.02302e-39, -5.49e-39, -4.39889e-39, -5.12199e-39, -4.76174e-39, -4.77256e-39, 
0, -1.00261e-39, -8.87722e-41, -9.19202e-40, -1.66244e-40, -8.4715e-40, -2.33427e-40, -7.84384e-40, -2.92254e-40, -7.29101e-40, -3.44414e-40, -6.79711e-40, -3.91408e-40, -6.34794e-40, -4.34587e-40, -5.93058e-40, -4.7519e-40, -5.53303e-40, -5.14387e-40, -5.15556e-40, 
0, -1.08307e-40, -9.58962e-42, -9.92968e-41, -1.79585e-41, -9.15134e-41, -2.5216e-41, -8.47331e-41, -3.15707e-41, -7.87612e-41, -3.72054e-41, -7.34258e-41, -4.22819e-41, -6.85736e-41, -4.69462e-41, -6.40651e-41, -5.13325e-41, -5.97706e-41, -5.55667e-41, -5.56929e-41, 
0, -1.16999e-41, -1.03592e-42, -1.07265e-41, -1.93997e-42, -9.88573e-42, -2.72396e-42, -9.1533e-42, -3.41043e-42, -8.50818e-42, -4.01911e-42, -7.93182e-42, -4.5675e-42, -7.40767e-42, -5.07137e-42, -6.92063e-42, -5.54519e-42, -6.45672e-42, -6.00259e-42, -6.01623e-42, 
0, -1.26388e-42, -1.11905e-43, -1.15874e-42, -2.09565e-43, -1.06791e-42, -2.94256e-43, -9.88785e-43, -3.68412e-43, -9.19096e-43, -4.34164e-43, -8.56835e-43, -4.93404e-43, -8.00213e-43, -5.47834e-43, -7.47601e-43, -5.99019e-43, -6.97487e-43, -6.4843e-43, -6.49903e-43, 
0, -1.36531e-43, -1.20886e-44, -1.25172e-43, -2.26383e-44, -1.15361e-43, -3.1787e-44, -1.06814e-43, -3.97977e-44, -9.92854e-44, -4.69006e-44, -9.25597e-44, -5.33e-44, -8.64431e-44, -5.91798e-44, -8.07597e-44, -6.47091e-44, -7.53461e-44, -7.00467e-44, -7.02058e-44, 
0, -1.47488e-44, -1.30587e-45, -1.35217e-44, -2.4455e-45, -1.24618e-44, -3.43379e-45, -1.15385e-44, -4.29914e-45, -1.07253e-44, -5.06644e-45, -9.99876e-45, -5.75774e-45, -9.33801e-45, -6.3929e-45, -8.72406e-45, -6.9902e-45, -8.13926e-45, -7.56679e-45, -7.58398e-45, 
0, -1.59323e-45, -1.41066e-46, -1.46069e-45, -2.64175e-46, -1.34619e-45, -3.70935e-46, -1.24645e-45, -4.64415e-46, -1.1586e-45, -5.47302e-46, -1.08012e-45, -6.2198e-46, -1.00874e-45, -6.90594e-46, -9.42417e-46, -7.55116e-46, -8.79244e-46, -8.17403e-46, -8.1926e-46, 
0, -1.72109e-46, -1.52387e-47, -1.57791e-46, -2.85375e-47, -1.45422e-46, -4.00703e-47, -1.34648e-46, -5.01685e-47, -1.25158e-46, -5.91224e-47, -1.1668e-46, -6.71894e-47, -1.08969e-46, -7.46014e-47, -1.01805e-46, -8.15715e-47, -9.49804e-47, -8.83e-47, -8.85006e-47, 
0, -1.85921e-47, -1.64616e-48, -1.70454e-47, -3.08277e-48, -1.57092e-47, -4.32859e-48, -1.45453e-47, -5.41945e-48, -1.35202e-47, -6.38669e-48, -1.26043e-47, -7.25813e-48, -1.17714e-47, -8.05882e-48, -1.09974e-47, -8.81176e-48, -1.02603e-47, -9.53861e-48, -9.56028e-48, 
0, -2.00841e-48, -1.77826e-49, -1.84132e-48, -3.33016e-49, -1.69699e-48, -4.67596e-49, -1.57126e-48, -5.85436e-49, -1.46052e-48, -6.89923e-49, -1.36158e-48, -7.8406e-49, -1.2716e-48, -8.70554e-49, -1.188e-48, -9.51891e-49, -1.10836e-48, -1.03041e-48, -1.03275e-48, 
0, -2.16959e-49, -1.92097e-50, -1.98909e-49, -3.59741e-50, -1.83317e-49, -5.05121e-50, -1.69735e-49, -6.32417e-50, -1.57773e-49, -7.45289e-50, -1.47085e-49, -8.46981e-50, -1.37365e-49, -9.40416e-50, -1.28334e-49, -1.02828e-49, -1.19731e-49, -1.1131e-49, -1.11563e-49, 
0, -2.3437e-50, -2.07513e-51, -2.14872e-50, -3.8861e-51, -1.98029e-50, -5.45657e-51, -1.83357e-50, -6.83169e-51, -1.70434e-50, -8.05099e-51, -1.58888e-50, -9.14952e-51, -1.48389e-50, -1.01588e-50, -1.38633e-50, -1.1108e-50, -1.2934e-50, -1.20243e-50, -1.20516e-50, 
0, -2.53178e-51, -2.24166e-52, -2.32115e-51, -4.19796e-52, -2.13921e-51, -5.89446e-52, -1.98071e-51, -7.37994e-52, -1.84111e-51, -8.69708e-52, -1.71639e-51, -9.88377e-52, -1.60297e-51, -1.09741e-51, -1.49758e-51, -1.19994e-51, -1.39719e-51, -1.29892e-51, -1.30187e-51, 
0, -2.73496e-52, -2.42155e-53, -2.50742e-52, -4.53485e-53, -2.31088e-52, -6.36749e-53, -2.13966e-52, -7.97218e-53, -1.98886e-52, -9.39503e-53, -1.85413e-52, -1.06769e-52, -1.73161e-52, -1.18548e-52, -1.61776e-52, -1.29624e-52, -1.50932e-52, -1.40316e-52, -1.40635e-52, 
0, -2.95444e-53, -2.61588e-54, -2.70865e-53, -4.89877e-54, -2.49633e-53, -6.87849e-54, -2.31137e-53, -8.61195e-54, -2.14847e-53, -1.0149e-53, -2.00293e-53, -1.15338e-53, -1.87057e-53, -1.28061e-53, -1.74758e-53, -1.40026e-53, -1.63044e-53, -1.51576e-53, -1.51921e-53, 
0, -3.19153e-54, -2.82581e-55, -2.92602e-54, -5.2919e-55, -2.69666e-54, -7.43049e-55, -2.49686e-54, -9.30306e-55, -2.32088e-54, -1.09634e-54, -2.16366e-54, -1.24594e-54, -2.02068e-54, -1.38338e-54, -1.88783e-54, -1.51263e-54, -1.76128e-54, -1.6374e-54, -1.64112e-54, 
0, -3.44765e-55, -3.05258e-56, -3.16083e-55, -5.71657e-56, -2.91306e-55, -8.02679e-56, -2.69724e-55, -1.00496e-55, -2.50714e-55, -1.18433e-55, -2.3373e-55, -1.34592e-55, -2.18284e-55, -1.4944e-55, -2.03933e-55, -1.63402e-55, -1.90262e-55, -1.76881e-55, -1.77282e-55, 
0, -3.72433e-56, -3.29755e-57, -3.41449e-56, -6.17533e-57, -3.14684e-56, -8.67094e-57, -2.91369e-56, -1.08561e-56, -2.70833e-56, -1.27937e-56, -2.52487e-56, -1.45393e-56, -2.35802e-56, -1.61432e-56, -2.20298e-56, -1.76515e-56, -2.05531e-56, -1.91075e-56, -1.91509e-56, 
0, -4.02321e-57, -3.56218e-58, -3.6885e-57, -6.6709e-58, -3.39937e-57, -9.36678e-58, -3.14751e-57, -1.17273e-57, -2.92568e-57, -1.38204e-57, -2.72749e-57, -1.57061e-57, -2.54725e-57, -1.74387e-57, -2.37977e-57, -1.90681e-57, -2.22025e-57, -2.06409e-57, -2.06878e-57, 
0, -4.34607e-58, -3.84805e-59, -3.9845e-58, -7.20624e-59, -3.67217e-58, -1.01185e-58, -3.4001e-58, -1.26684e-58, -3.16046e-58, -1.49295e-58, -2.94637e-58, -1.69665e-58, -2.75167e-58, -1.88382e-58, -2.57075e-58, -2.05983e-58, -2.39843e-58, -2.22973e-58, -2.2348e-58, 
0, -4.69484e-59, -4.15685e-60, -4.30426e-59, -7.78454e-60, -3.96687e-59, -1.09305e-59, -3.67296e-59, -1.36851e-59, -3.41409e-59, -1.61276e-59, -3.18282e-59, -1.83281e-59, -2.97249e-59, -2.035e-59, -2.77706e-59, -2.22513e-59, -2.5909e-59, -2.40867e-59, -2.41414e-59, 
0, -5.0716e-60, -4.49044e-61, -4.64968e-60, -8.40925e-61, -4.28521e-60, -1.18077e-60, -3.96772e-60, -1.47833e-60, -3.68807e-60, -1.74218e-60, -3.43824e-60, -1.97989e-60, -3.21103e-60, -2.19831e-60, -2.99991e-60, -2.4037e-60, -2.79882e-60, -2.60197e-60, -2.60788e-60, 
0, -5.4786e-61, -4.8508e-62, -5.02282e-61, -9.0841e-62, -4.6291e-61, -1.27552e-61, -4.28613e-61, -1.59697e-61, -3.98404e-61, -1.88199e-61, -3.71416e-61, -2.13878e-61, -3.46872e-61, -2.37472e-61, -3.24066e-61, -2.59659e-61, -3.02343e-61, -2.81078e-61, -2.81716e-61, 
0, -5.91826e-62, -5.24008e-63, -5.4259e-62, -9.8131e-63, -5.00059e-62, -1.37788e-62, -4.63009e-62, -1.72513e-62, -4.30376e-62, -2.03302e-62, -4.01222e-62, -2.31042e-62, -3.74708e-62, -2.56529e-62, -3.50072e-62, -2.80497e-62, -3.26606e-62, -3.03634e-62, -3.04324e-62, 
0, -6.3932e-63, -5.66059e-64, -5.86133e-63, -1.06006e-63, -5.40188e-63, -1.48846e-63, -5.00166e-63, -1.86357e-63, -4.64914e-63, -2.19617e-63, -4.3342e-63, -2.49583e-63, -4.04779e-63, -2.77116e-63, -3.78166e-63, -3.03007e-63, -3.52816e-63, -3.28001e-63, -3.28746e-63, 
0, -6.90626e-64, -6.11486e-65, -6.3317e-64, -1.14513e-64, -5.83539e-64, -1.60791e-64, -5.40304e-64, -2.01312e-64, -5.02224e-64, -2.37241e-64, -4.68203e-64, -2.69612e-64, -4.37262e-64, -2.99354e-64, -4.08513e-64, -3.27323e-64, -3.8113e-64, -3.54323e-64, -3.55128e-64, 
0, -7.46049e-65, -6.60558e-66, -6.83982e-65, -1.23703e-65, -6.30368e-65, -1.73694e-65, -5.83664e-65, -2.17467e-65, -5.42527e-65, -2.5628e-65, -5.05776e-65, -2.91249e-65, -4.72353e-65, -3.23378e-65, -4.41297e-65, -3.53591e-65, -4.11715e-65, -3.82758e-65, -3.83627e-65, 
0, -8.05919e-66, -7.13568e-67, -7.38872e-66, -1.3363e-66, -6.80955e-66, -1.87633e-66, -6.30503e-66, -2.34919e-66, -5.86065e-66, -2.76847e-66, -5.46365e-66, -3.14621e-66, -5.10259e-66, -3.49329e-66, -4.76711e-66, -3.81967e-66, -4.44756e-66, -4.13474e-66, -4.14413e-66, 
0, -8.70595e-67, -7.70832e-68, -7.98167e-67, -1.44354e-67, -7.35602e-67, -2.02691e-67, -6.81101e-67, -2.53771e-67, -6.33097e-67, -2.99064e-67, -5.9021e-67, -3.3987e-67, -5.51208e-67, -3.77363e-67, -5.14967e-67, -4.1262e-67, -4.80447e-67, -4.46655e-67, -4.4767e-67, 
0, -9.4046e-68, -8.32691e-69, -8.6222e-68, -1.55938e-68, -7.94634e-68, -2.18957e-68, -7.35759e-68, -2.74137e-68, -6.83903e-68, -3.23064e-68, -6.37575e-68, -3.67144e-68, -5.95442e-68, -4.07646e-68, -5.56293e-68, -4.45733e-68, -5.19003e-68, -4.825e-68, -4.83596e-68, 
0, -1.01593e-68, -8.99515e-70, -9.31413e-69, -1.68452e-69, -8.58403e-69, -2.36528e-69, -7.94804e-69, -2.96136e-69, -7.38787e-69, -3.4899e-69, -6.88741e-69, -3.96608e-69, -6.43226e-69, -4.4036e-69, -6.00936e-69, -4.81503e-69, -5.60653e-69, -5.2122e-69, -5.22404e-69, 
0, -1.09746e-69, -9.71701e-71, -1.00616e-69, -1.81971e-70, -9.27291e-70, -2.5551e-70, -8.58587e-70, -3.19901e-70, -7.98075e-70, -3.76996e-70, -7.44012e-70, -4.28436e-70, -6.94846e-70, -4.75699e-70, -6.49161e-70, -5.20144e-70, -6.05646e-70, -5.63048e-70, -5.64327e-70, 
0, -1.18553e-70, -1.04968e-71, -1.0869e-70, -1.96574e-71, -1.00171e-70, -2.76014e-71, -9.27489e-71, -3.45573e-71, -8.6212e-71, -4.0725e-71, -8.03719e-71, -4.62818e-71, -7.50607e-71, -5.13874e-71, -7.01257e-71, -5.61885e-71, -6.54249e-71, -6.08233e-71, -6.09615e-71, 
0, -1.28067e-71, -1.13392e-72, -1.17413e-71, -2.12349e-72, -1.08209e-71, -2.98165e-72, -1.00192e-71, -3.73306e-72, -9.31306e-72, -4.39932e-72, -8.68218e-72, -4.99959e-72, -8.10844e-72, -5.55112e-72, -7.57533e-72, -6.06977e-72, -7.06753e-72, -6.57044e-72, -6.58537e-72, 
0, -1.38345e-72, -1.22491e-73, -1.26835e-72, -2.2939e-73, -1.16893e-72, -3.22092e-73, -1.08232e-72, -4.03264e-73, -1.00604e-72, -4.75237e-73, -9.37893e-73, -5.40081e-73, -8.75914e-73, -5.9966e-73, -8.18325e-73, -6.55687e-73, -7.6347e-73, -7.09772e-73, -7.11384e-73, 
0, -1.49447e-73, -1.32321e-74, -1.37014e-73, -2.47799e-74, -1.26274e-73, -3.4794e-74, -1.16918e-73, -4.35626e-74, -1.08678e-73, -5.13375e-74, -1.01316e-73, -5.83422e-74, -9.46206e-74, -6.47783e-74, -8.83996e-74, -7.08306e-74, -8.24739e-74, -7.66731e-74, -7.68473e-74, 
0, -1.6144e-74, -1.4294e-75, -1.48009e-74, -2.67684e-75, -1.36407e-74, -3.75863e-75, -1.26301e-74, -4.70585e-75, -1.17399e-74, -5.54573e-75, -1.09447e-74, -6.30242e-75, -1.02214e-74, -6.99768e-75, -9.54937e-75, -7.65148e-75, -8.90924e-75, -8.28262e-75, -8.30143e-75, 
0, -1.74396e-75, -1.54411e-76, -1.59887e-75, -2.89166e-76, -1.47354e-75, -4.06026e-76, -1.36437e-75, -5.08349e-76, -1.26821e-75, -5.99078e-76, -1.1823e-75, -6.80819e-76, -1.10417e-75, -7.55924e-76, -1.03157e-75, -8.26551e-76, -9.62421e-76, -8.9473e-76, -8.96763e-76, 
0, -1.88391e-76, -1.66803e-77, -1.72718e-76, -3.12372e-77, -1.59179e-76, -4.38609e-77, -1.47386e-76, -5.49144e-77, -1.36998e-76, -6.47154e-77, -1.27718e-76, -7.35455e-77, -1.19278e-76, -8.16587e-77, -1.11435e-76, -8.92882e-77, -1.03966e-76, -9.66532e-77, -9.68728e-77, 
0, -2.03509e-77, -1.80189e-78, -1.86579e-77, -3.3744e-78, -1.71953e-77, -4.73808e-78, -1.59213e-77, -5.93213e-78, -1.47992e-77, -6.99088e-78, -1.37967e-77, -7.94476e-78, -1.2885e-77, -8.82119e-78, -1.20378e-77, -9.64536e-78, -1.12309e-77, -1.0441e-77, -1.04647e-77, 
0, -2.19841e-78, -1.94649e-79, -2.01552e-78, -3.64519e-79, -1.85753e-78, -5.11831e-79, -1.7199e-78, -6.40819e-79, -1.59869e-78, -7.5519e-79, -1.49039e-78, -8.58233e-79, -1.3919e-78, -9.52909e-79, -1.30039e-78, -1.04194e-78, -1.21322e-78, -1.12789e-78, -1.13045e-78, 
0, -2.37483e-79, -2.1027e-80, -2.17726e-79, -3.93772e-80, -2.00659e-79, -5.52906e-80, -1.85793e-79, -6.92245e-80, -1.72698e-79, -8.15794e-80, -1.60999e-79, -9.27106e-80, -1.5036e-79, -1.02938e-79, -1.40474e-79, -1.12556e-79, -1.31058e-79, -1.2184e-79, -1.22117e-79, 
0, -2.56541e-80, -2.27144e-81, -2.35199e-80, -4.25373e-81, -2.16762e-80, -5.97277e-81, -2.00702e-80, -7.47797e-81, -1.86557e-80, -8.81262e-81, -1.73919e-80, -1.00151e-80, -1.62426e-80, -1.11199e-80, -1.51747e-80, -1.21588e-80, -1.41575e-80, -1.31618e-80, -1.31917e-80, 
0, -2.77129e-81, -2.45372e-82, -2.54073e-81, -4.59509e-82, -2.34158e-81, -6.45208e-82, -2.16809e-81, -8.07808e-82, -2.01528e-81, -9.51983e-82, -1.87877e-81, -1.08188e-81, -1.75461e-81, -1.20123e-81, -1.63925e-81, -1.31346e-81, -1.52937e-81, -1.4218e-81, -1.42503e-81, 
0, -2.99368e-82, -2.65063e-83, -2.74463e-82, -4.96384e-83, -2.52949e-82, -6.96986e-83, -2.34208e-82, -8.72635e-83, -2.17701e-82, -1.02838e-82, -2.02954e-82, -1.1687e-82, -1.89542e-82, -1.29762e-82, -1.7708e-82, -1.41886e-82, -1.6521e-82, -1.5359e-82, -1.53939e-82, 
0, -3.23393e-83, -2.86335e-84, -2.96489e-83, -5.36219e-84, -2.73248e-83, -7.5292e-84, -2.53003e-83, -9.42664e-84, -2.35172e-83, -1.11091e-83, -2.19241e-83, -1.26249e-83, -2.04753e-83, -1.40176e-83, -1.91291e-83, -1.53273e-83, -1.78468e-83, -1.65916e-83, -1.66292e-83, 
0, -3.49345e-84, -3.09313e-85, -3.20282e-84, -5.79251e-85, -2.95176e-84, -8.13342e-85, -2.73307e-84, -1.01831e-84, -2.54044e-84, -1.20006e-84, -2.36835e-84, -1.3638e-84, -2.21184e-84, -1.51425e-84, -2.06642e-84, -1.65573e-84, -1.9279e-84, -1.7923e-84, -1.79637e-84, 
0, -3.7738e-85, -3.34136e-86, -3.45985e-85, -6.25736e-86, -3.18864e-85, -8.78612e-86, -2.9524e-85, -1.10003e-85, -2.74431e-85, -1.29636e-85, -2.55841e-85, -1.47325e-85, -2.38934e-85, -1.63577e-85, -2.23225e-85, -1.7886e-85, -2.08261e-85, -1.93614e-85, -1.94053e-85, 
0, -4.07665e-86, -3.6095e-87, -3.7375e-86, -6.75952e-87, -3.44453e-86, -9.49121e-87, -3.18933e-86, -1.18831e-86, -2.96454e-86, -1.4004e-86, -2.76372e-86, -1.59148e-86, -2.58109e-86, -1.76704e-86, -2.41139e-86, -1.93214e-86, -2.24974e-86, -2.09151e-86, -2.09626e-86, 
0, -4.4038e-87, -3.89916e-88, -4.03743e-87, -7.30197e-88, -3.72096e-87, -1.02529e-87, -3.44527e-87, -1.28367e-87, -3.20245e-87, -1.51278e-87, -2.98551e-87, -1.71919e-87, -2.78822e-87, -1.90885e-87, -2.6049e-87, -2.08719e-87, -2.43029e-87, -2.25936e-87, -2.26449e-87, 
0, -4.75721e-88, -4.21207e-89, -4.36144e-88, -7.88796e-89, -4.01956e-88, -1.10757e-88, -3.72175e-88, -1.38669e-88, -3.45945e-88, -1.63418e-88, -3.2251e-88, -1.85716e-88, -3.01198e-88, -2.06203e-88, -2.81395e-88, -2.25469e-88, -2.62532e-88, -2.44067e-88, -2.44621e-88, 
0, -5.13898e-89, -4.55009e-90, -4.71145e-89, -8.52097e-90, -4.34214e-89, -1.19645e-89, -4.02043e-89, -1.49797e-89, -3.73707e-89, -1.76532e-89, -3.48392e-89, -2.0062e-89, -3.25369e-89, -2.22751e-89, -3.03977e-89, -2.43563e-89, -2.836e-89, -2.63653e-89, -2.64252e-89, 
0, -5.55138e-90, -4.91524e-91, -5.08954e-90, -9.20478e-91, -4.69059e-90, -1.29247e-90, -4.34307e-90, -1.61818e-90, -4.03697e-90, -1.90699e-90, -3.7635e-90, -2.16719e-90, -3.5148e-90, -2.40627e-90, -3.28371e-90, -2.63109e-90, -3.06359e-90, -2.84812e-90, -2.85459e-90, 
0, -5.99688e-91, -5.30969e-92, -5.49798e-91, -9.94346e-92, -5.06701e-91, -1.39619e-91, -4.6916e-91, -1.74804e-91, -4.36094e-91, -2.06003e-91, -4.06552e-91, -2.34111e-91, -3.79686e-91, -2.59937e-91, -3.54723e-91, -2.84223e-91, -3.30945e-91, -3.07668e-91, -3.08367e-91, 
0, -6.47813e-92, -5.73579e-93, -5.93919e-92, -1.07414e-92, -5.47364e-92, -1.50823e-92, -5.0681e-92, -1.88832e-92, -4.7109e-92, -2.22535e-92, -4.39178e-92, -2.52899e-92, -4.10156e-92, -2.80797e-92, -3.83189e-92, -3.07032e-92, -3.57503e-92, -3.32358e-92, -3.33113e-92, 
0, -6.998e-93, -6.19609e-94, -6.41581e-93, -1.16034e-93, -5.91291e-93, -1.62927e-93, -5.47482e-93, -2.03986e-93, -5.08895e-93, -2.40393e-93, -4.74422e-93, -2.73194e-93, -4.43071e-93, -3.03331e-93, -4.1394e-93, -3.31672e-93, -3.86193e-93, -3.5903e-93, -3.59846e-93, 
0, -7.5596e-94, -6.69333e-95, -6.93069e-94, -1.25346e-94, -6.38742e-94, -1.76002e-94, -5.91417e-94, -2.20356e-94, -5.49734e-94, -2.59685e-94, -5.12495e-94, -2.95118e-94, -4.78628e-94, -3.27674e-94, -4.47159e-94, -3.58288e-94, -4.17185e-94, -3.87842e-94, -3.88723e-94, 
0, -8.16626e-95, -7.23047e-96, -7.48687e-95, -1.35405e-95, -6.90001e-95, -1.90126e-95, -6.38879e-95, -2.3804e-95, -5.93851e-95, -2.80524e-95, -5.53623e-95, -3.18801e-95, -5.17038e-95, -3.53969e-95, -4.83044e-95, -3.87041e-95, -4.50664e-95, -4.18967e-95, -4.19919e-95, 
0, -8.8216e-96, -7.81072e-97, -8.0877e-96, -1.46271e-96, -7.45374e-96, -2.05383e-96, -6.90149e-96, -2.57143e-96, -6.41507e-96, -3.03037e-96, -5.98051e-96, -3.44385e-96, -5.5853e-96, -3.82376e-96, -5.21808e-96, -4.18101e-96, -4.8683e-96, -4.52589e-96, -4.53617e-96, 
0, -9.52954e-97, -8.43753e-98, -8.73674e-97, -1.5801e-97, -8.0519e-97, -2.21866e-97, -7.45533e-97, -2.77778e-97, -6.92989e-97, -3.27355e-97, -6.46045e-97, -3.72022e-97, -6.03352e-97, -4.13061e-97, -5.63683e-97, -4.51654e-97, -5.25898e-97, -4.88909e-97, -4.9002e-97, 
0, -1.02943e-97, -9.11464e-99, -9.43786e-98, -1.7069e-98, -8.69807e-98, -2.3967e-98, -8.05363e-98, -3.0007e-98, -7.48601e-98, -3.53626e-98, -6.9789e-98, -4.01876e-98, -6.51771e-98, -4.4621e-98, -6.08919e-98, -4.87899e-98, -5.68101e-98, -5.28144e-98, -5.29344e-98, 
0, -1.11204e-98, -9.8461e-100, -1.01953e-98, -1.84388e-99, -9.39609e-99, -2.58904e-99, -8.69993e-99, -3.24151e-99, -8.08677e-99, -3.82004e-99, -7.53896e-99, -4.34127e-99, -7.04076e-99, -4.82018e-99, -6.57785e-99, -5.27053e-99, -6.13692e-99, -5.70528e-99, -5.71824e-99, 
0, -1.20128e-99, -1.06362e-100, -1.10134e-99, -1.99185e-100, -1.01501e-99, -2.79681e-100, -9.3981e-100, -3.50164e-100, -8.73573e-100, -4.1266e-100, -8.14396e-100, -4.68966e-100, -7.60578e-100, -5.207e-100, -7.10572e-100, -5.6935e-100, -6.62941e-100, -6.16313e-100, -6.17713e-100, 
0, -1.29768e-100, -1.14898e-101, -1.18973e-100, -2.1517e-101, -1.09647e-100, -3.02126e-101, -1.01523e-100, -3.78265e-101, -9.43677e-101, -4.45776e-101, -8.79752e-101, -5.06601e-101, -8.21615e-101, -5.62486e-101, -7.67596e-101, -6.1504e-101, -7.16142e-101, -6.65773e-101, -6.67285e-101, 
0, -1.40182e-101, -1.24119e-102, -1.2852e-101, -2.32437e-102, -1.18446e-101, -3.26371e-102, -1.0967e-101, -4.08621e-102, -1.01941e-101, -4.8155e-102, -9.50352e-102, -5.47255e-102, -8.8755e-102, -6.07626e-102, -8.29196e-102, -6.64397e-102, -7.73612e-102, -7.19201e-102, -7.20835e-102, 
0, -1.51432e-102, -1.34079e-103, -1.38834e-102, -2.5109e-103, -1.27951e-102, -3.52563e-103, -1.18471e-102, -4.41413e-103, -1.10122e-102, -5.20194e-103, -1.02662e-102, -5.91173e-103, -9.58776e-103, -6.56388e-103, -8.95739e-103, -7.17715e-103, -8.35695e-103, -7.76917e-103, -7.78682e-103, 
0, -1.63585e-103, -1.44839e-104, -1.49975e-103, -2.7124e-104, -1.38219e-103, -3.80856e-104, -1.27979e-103, -4.76836e-104, -1.18959e-103, -5.6194e-104, -1.109e-103, -6.38615e-104, -1.03572e-103, -7.09064e-104, -9.67622e-104, -7.75312e-104, -9.0276e-104, -8.39265e-104, -8.41171e-104, 
0, -1.76712e-104, -1.56463e-105, -1.62011e-104, -2.93008e-105, -1.49312e-104, -4.1142e-105, -1.38249e-104, -5.15102e-105, -1.28505e-104, -6.07036e-105, -1.198e-104, -6.89864e-105, -1.11883e-104, -7.65966e-105, -1.04527e-104, -8.37531e-105, -9.75206e-105, -9.06616e-105, -9.08675e-105, 
0, -1.90893e-105, -1.69019e-106, -1.75012e-105, -3.16522e-106, -1.61294e-105, -4.44436e-106, -1.49344e-105, -5.56439e-106, -1.38818e-105, -6.55751e-106, -1.29414e-105, -7.45225e-106, -1.20862e-105, -8.27435e-106, -1.12916e-105, -9.04743e-106, -1.05347e-105, -9.79372e-106, -9.81597e-106, 
0, -2.06213e-106, -1.82582e-107, -1.89057e-106, -3.41922e-107, -1.74238e-106, -4.80102e-107, -1.61328e-106, -6.01094e-107, -1.49958e-106, -7.08375e-107, -1.398e-106, -8.0503e-107, -1.30561e-106, -8.93837e-107, -1.21977e-106, -9.77349e-107, -1.13801e-106, -1.05797e-106, -1.06037e-106, 
0, -2.22761e-107, -1.97235e-108, -2.04229e-107, -3.69362e-108, -1.8822e-107, -5.18631e-108, -1.74275e-107, -6.49332e-108, -1.61992e-107, -7.65222e-108, -1.51019e-107, -8.69634e-108, -1.41039e-107, -9.65568e-108, -1.31766e-107, -1.05578e-107, -1.22933e-107, -1.14287e-107, -1.14547e-107, 
0, -2.40638e-108, -2.13063e-109, -2.20618e-108, -3.99003e-109, -2.03325e-108, -5.60251e-109, -1.88261e-108, -7.01441e-109, -1.74992e-108, -8.26631e-109, -1.63138e-108, -9.39422e-109, -1.52357e-108, -1.04305e-108, -1.4234e-108, -1.14051e-108, -1.32799e-108, -1.23458e-108, -1.23739e-108, 
0, -2.59949e-109, -2.30161e-110, -2.38323e-109, -4.31023e-110, -2.19642e-109, -6.05211e-110, -2.03369e-109, -7.57731e-110, -1.89035e-109, -8.92969e-110, -1.7623e-109, -1.01481e-109, -1.64584e-109, -1.12676e-109, -1.53763e-109, -1.23203e-109, -1.43456e-109, -1.33366e-109, -1.33669e-109, 
0, -2.8081e-110, -2.48632e-111, -2.57449e-110, -4.65613e-111, -2.37268e-110, -6.53779e-111, -2.19689e-110, -8.1854e-111, -2.04205e-110, -9.6463e-111, -1.90372e-110, -1.09625e-110, -1.77792e-110, -1.21718e-110, -1.66103e-110, -1.33091e-110, -1.54968e-110, -1.44069e-110, -1.44396e-110, 
0, -3.03345e-111, -2.68585e-112, -2.78109e-111, -5.02979e-112, -2.56309e-111, -7.06245e-112, -2.37319e-111, -8.84228e-112, -2.20593e-111, -1.04204e-111, -2.0565e-111, -1.18422e-111, -1.9206e-111, -1.31486e-111, -1.79432e-111, -1.43771e-111, -1.67404e-111, -1.5563e-111, -1.55984e-111, 
0, -3.27689e-112, -2.90138e-113, -3.00427e-112, -5.43343e-113, -2.76878e-112, -7.62922e-113, -2.56364e-112, -9.55187e-113, -2.38296e-112, -1.12567e-112, -2.22153e-112, -1.27926e-112, -2.07473e-112, -1.42038e-112, -1.93832e-112, -1.55309e-112, -1.80839e-112, -1.6812e-112, -1.68502e-112, 
0, -3.53986e-113, -3.13422e-114, -3.24537e-113, -5.86946e-114, -2.99098e-113, -8.24146e-114, -2.76937e-113, -1.03184e-113, -2.57419e-113, -1.216e-113, -2.39981e-113, -1.38192e-113, -2.24122e-113, -1.53437e-113, -2.09387e-113, -1.67772e-113, -1.95351e-113, -1.81611e-113, -1.82024e-113, 
0, -3.82394e-114, -3.38574e-115, -3.50581e-114, -6.34049e-115, -3.231e-114, -8.90284e-115, -2.99162e-114, -1.11465e-114, -2.78077e-114, -1.31359e-114, -2.5924e-114, -1.49282e-114, -2.42108e-114, -1.6575e-114, -2.2619e-114, -1.81236e-114, -2.11028e-114, -1.96186e-114, -1.96631e-114, 
0, -4.13081e-115, -3.65745e-116, -3.78715e-115, -6.84931e-116, -3.49029e-115, -9.6173e-116, -3.23169e-115, -1.2041e-115, -3.00393e-115, -1.419e-115, -2.80044e-115, -1.61262e-115, -2.61538e-115, -1.79051e-115, -2.44342e-115, -1.9578e-115, -2.27963e-115, -2.1193e-115, -2.12411e-115, 
0, -4.46231e-116, -3.95096e-117, -4.09107e-116, -7.39897e-117, -3.77039e-116, -1.03891e-116, -3.49104e-116, -1.30073e-116, -3.24499e-116, -1.53288e-116, -3.02517e-116, -1.74203e-116, -2.82526e-116, -1.9342e-116, -2.63951e-116, -2.11492e-116, -2.46257e-116, -2.28937e-116, -2.29457e-116, 
0, -4.82041e-117, -4.26803e-118, -4.41938e-117, -7.99274e-118, -4.07296e-117, -1.12228e-117, -3.7712e-117, -1.40511e-117, -3.5054e-117, -1.65589e-117, -3.26794e-117, -1.88183e-117, -3.05199e-117, -2.08942e-117, -2.85133e-117, -2.28464e-117, -2.66019e-117, -2.47309e-117, -2.47871e-117, 
0, -5.20725e-118, -4.61054e-119, -4.77404e-118, -8.63416e-119, -4.39982e-118, -1.21234e-118, -4.07384e-118, -1.51787e-118, -3.78671e-118, -1.78878e-118, -3.5302e-118, -2.03285e-118, -3.29691e-118, -2.2571e-118, -3.08015e-118, -2.46798e-118, -2.87368e-118, -2.67156e-118, -2.67763e-118, 
0, -5.62513e-119, -4.98053e-120, -5.15715e-119, -9.32706e-120, -4.7529e-119, -1.30964e-119, -4.40076e-119, -1.63968e-119, -4.0906e-119, -1.93232e-119, -3.8135e-119, -2.19598e-119, -3.56149e-119, -2.43823e-119, -3.32733e-119, -2.66604e-119, -3.10429e-119, -2.88595e-119, -2.89251e-119, 
0, -6.07655e-120, -5.38022e-121, -5.57102e-120, -1.00756e-120, -5.13433e-120, -1.41473e-120, -4.75392e-120, -1.77126e-120, -4.41887e-120, -2.08739e-120, -4.11953e-120, -2.37221e-120, -3.8473e-120, -2.6339e-120, -3.59435e-120, -2.87999e-120, -3.35341e-120, -3.11755e-120, -3.12463e-120, 
0, -6.56419e-121, -5.81199e-122, -6.01809e-121, -1.08841e-121, -5.54636e-121, -1.52827e-121, -5.13543e-121, -1.91341e-121, -4.77348e-121, -2.25491e-121, -4.45012e-121, -2.56258e-121, -4.15605e-121, -2.84527e-121, -3.8828e-121, -3.11111e-121, -3.62252e-121, -3.36773e-121, -3.37538e-121, 
0, -7.09097e-122, -6.2784e-123, -6.50104e-122, -1.17576e-122, -5.99145e-122, -1.65091e-122, -5.54755e-122, -2.06696e-122, -5.15656e-122, -2.43587e-122, -4.80725e-122, -2.76823e-122, -4.48957e-122, -3.07361e-122, -4.19439e-122, -3.36078e-122, -3.91323e-122, -3.638e-122, -3.64626e-122, 
0, -7.66002e-123, -6.78225e-124, -7.02275e-123, -1.27011e-123, -6.47227e-123, -1.7834e-123, -5.99274e-123, -2.23283e-123, -5.57037e-123, -2.63134e-123, -5.19303e-123, -2.99038e-123, -4.84986e-123, -3.32026e-123, -4.53099e-123, -3.63048e-123, -4.22727e-123, -3.92995e-123, -3.93887e-123, 
0, -8.27474e-124, -7.32652e-125, -7.58633e-124, -1.37204e-124, -6.99167e-124, -1.92652e-124, -6.47366e-124, -2.41202e-124, -6.0174e-124, -2.84251e-124, -5.60977e-124, -3.23036e-124, -5.23906e-124, -3.58672e-124, -4.89461e-124, -3.92183e-124, -4.56651e-124, -4.24532e-124, -4.25497e-124, 
0, -8.93879e-125, -7.91448e-126, -8.19514e-125, -1.48215e-125, -7.55275e-125, -2.08112e-125, -6.99317e-125, -2.60559e-125, -6.50029e-125, -3.07062e-125, -6.05996e-125, -3.4896e-125, -5.6595e-125, -3.87455e-125, -5.2874e-125, -4.23656e-125, -4.93297e-125, -4.58601e-125, -4.59643e-125, 
0, -9.65613e-126, -8.54962e-127, -8.8528e-126, -1.60109e-126, -8.15887e-126, -2.24813e-126, -7.55437e-126, -2.81468e-126, -7.02194e-126, -3.31704e-126, -6.54627e-126, -3.76964e-126, -6.11367e-126, -4.18549e-126, -5.71172e-126, -4.57654e-126, -5.32884e-126, -4.95404e-126, -4.9653e-126, 
0, -1.0431e-126, -9.23573e-128, -9.56324e-127, -1.72958e-127, -8.81362e-127, -2.42854e-127, -8.16061e-127, -3.04056e-127, -7.58546e-127, -3.58323e-127, -7.07161e-127, -4.07215e-127, -6.6043e-127, -4.52137e-127, -6.17008e-127, -4.94381e-127, -5.75648e-127, -5.35161e-127, -5.36376e-127, 
0, -1.12681e-127, -9.97689e-129, -1.03307e-127, -1.86837e-128, -9.52091e-128, -2.62343e-128, -8.81551e-128, -3.28457e-128, -8.19419e-128, -3.87079e-128, -7.63911e-128, -4.39894e-128, -7.13429e-128, -4.88421e-128, -6.66523e-128, -5.34055e-128, -6.21844e-128, -5.78107e-128, -5.79421e-128, 
0, -1.21724e-128, -1.07775e-129, -1.11597e-128, -2.01831e-129, -1.0285e-128, -2.83396e-129, -9.52295e-129, -3.54816e-129, -8.85178e-129, -4.18142e-129, -8.25215e-129, -4.75196e-129, -7.70682e-129, -5.27617e-129, -7.20012e-129, -5.76913e-129, -6.71747e-129, -6.24501e-129, -6.25919e-129, 
0, -1.31492e-129, -1.16424e-130, -1.20553e-129, -2.18028e-130, -1.11103e-129, -3.06139e-130, -1.02872e-129, -3.8329e-130, -9.56214e-130, -4.51698e-130, -8.91439e-130, -5.13331e-130, -8.3253e-130, -5.69959e-130, -7.77793e-130, -6.23211e-130, -7.25655e-130, -6.74617e-130, -6.76149e-130, 
0, -1.42045e-130, -1.25768e-131, -1.30227e-130, -2.35525e-131, -1.20019e-130, -3.30707e-131, -1.11127e-130, -4.14049e-131, -1.03295e-130, -4.87947e-131, -9.62977e-131, -5.54525e-131, -8.9934e-131, -6.15698e-131, -8.40211e-131, -6.73223e-131, -7.83889e-131, -7.28755e-131, -7.30411e-131, 
0, -1.53444e-131, -1.3586e-132, -1.40678e-131, -2.54426e-132, -1.29651e-131, -3.57246e-132, -1.20045e-131, -4.47276e-132, -1.11584e-131, -5.27105e-132, -1.04026e-131, -5.99026e-132, -9.71513e-132, -6.65108e-132, -9.07638e-132, -7.2725e-132, -8.46796e-132, -7.87238e-132, -7.89026e-132, 
0, -1.65758e-132, -1.46763e-133, -1.51968e-132, -2.74844e-133, -1.40056e-132, -3.85915e-133, -1.29679e-132, -4.8317e-133, -1.20539e-132, -5.69405e-133, -1.12374e-132, -6.47098e-133, -1.04948e-132, -7.18483e-133, -9.80477e-133, -7.85612e-133, -9.14752e-133, -8.50414e-133, -8.52346e-133, 
0, -1.7906e-133, -1.58541e-134, -1.64163e-133, -2.969e-134, -1.51295e-133, -4.16885e-134, -1.40086e-133, -5.21945e-134, -1.30212e-133, -6.151e-134, -1.21392e-133, -6.99028e-134, -1.1337e-133, -7.76141e-134, -1.05916e-133, -8.48657e-134, -9.88161e-134, -9.1866e-134, -9.20747e-134, 
0, -1.93429e-134, -1.71264e-135, -1.77337e-134, -3.20726e-135, -1.63437e-134, -4.5034e-135, -1.51328e-134, -5.63831e-135, -1.40662e-134, -6.64462e-135, -1.31133e-134, -7.55125e-135, -1.22468e-134, -8.38427e-135, -1.14416e-134, -9.16762e-135, -1.06746e-134, -9.92382e-135, -9.94637e-135, 
0, -2.08952e-135, -1.85008e-136, -1.91569e-135, -3.46465e-136, -1.76552e-135, -4.8648e-136, -1.63472e-135, -6.09079e-136, -1.5195e-135, -7.17785e-136, -1.41657e-135, -8.15724e-136, -1.32296e-135, -9.05711e-136, -1.23598e-135, -9.90333e-136, -1.15313e-135, -1.07202e-135, -1.07446e-135, 
0, -2.25721e-136, -1.99855e-137, -2.06942e-136, -3.74269e-137, -1.90721e-136, -5.2552e-137, -1.7659e-136, -6.57958e-137, -1.64144e-136, -7.75388e-137, -1.53025e-136, -8.81186e-137, -1.42913e-136, -9.78395e-137, -1.33516e-136, -1.06981e-136, -1.24566e-136, -1.15805e-136, -1.16068e-136, 
0, -2.43835e-137, -2.15893e-138, -2.23549e-137, -4.04304e-138, -2.06026e-137, -5.67693e-138, -1.90762e-137, -7.10759e-138, -1.77317e-137, -8.37613e-138, -1.65305e-137, -9.51902e-138, -1.54381e-137, -1.05691e-137, -1.44231e-137, -1.15566e-137, -1.34563e-137, -1.25099e-137, -1.25383e-137, 
0, -2.63403e-138, -2.33219e-139, -2.41489e-138, -4.36749e-139, -2.2256e-138, -6.13251e-139, -2.0607e-138, -7.67797e-139, -1.91547e-138, -9.04831e-139, -1.78571e-138, -1.02829e-138, -1.6677e-138, -1.14173e-138, -1.55806e-138, -1.2484e-138, -1.45362e-138, -1.35138e-138, -1.35445e-138, 
0, -2.84541e-139, -2.51935e-140, -2.60869e-139, -4.71798e-140, -2.4042e-139, -6.62464e-140, -2.22607e-139, -8.29413e-140, -2.06918e-139, -9.77444e-140, -1.92901e-139, -1.11081e-139, -1.80154e-139, -1.23335e-139, -1.68309e-139, -1.34859e-139, -1.57027e-139, -1.45983e-139, -1.46314e-139, 
0, -3.07375e-140, -2.72152e-141, -2.81803e-140, -5.0966e-141, -2.59714e-140, -7.15627e-141, -2.40472e-140, -8.95974e-141, -2.23523e-140, -1.05588e-140, -2.08382e-140, -1.19996e-140, -1.94611e-140, -1.33233e-140, -1.81816e-140, -1.45681e-140, -1.69628e-140, -1.57698e-140, -1.58056e-140, 
0, -3.32042e-141, -2.93993e-142, -3.04418e-141, -5.50561e-142, -2.80556e-141, -7.73057e-142, -2.5977e-141, -9.67876e-142, -2.41461e-141, -1.14062e-141, -2.25104e-141, -1.29625e-141, -2.10229e-141, -1.43925e-141, -1.96407e-141, -1.57372e-141, -1.83241e-141, -1.70353e-141, -1.7074e-141, 
0, -3.58689e-142, -3.17586e-143, -3.28848e-142, -5.94743e-143, -3.03071e-142, -8.35095e-143, -2.80616e-142, -1.04555e-142, -2.60839e-142, -1.23215e-142, -2.43169e-142, -1.40028e-142, -2.271e-142, -1.55475e-142, -2.12169e-142, -1.70001e-142, -1.97946e-142, -1.84024e-142, -1.84442e-142, 
0, -3.87473e-143, -3.43072e-144, -3.55238e-143, -6.42472e-144, -3.27392e-143, -9.02111e-144, -3.03136e-143, -1.12945e-143, -2.81771e-143, -1.33104e-143, -2.62683e-143, -1.51265e-143, -2.45325e-143, -1.67952e-143, -2.29195e-143, -1.83644e-143, -2.13831e-143, -1.98792e-143, -1.99243e-143, 
0, -4.18568e-144, -3.70604e-145, -3.83746e-144, -6.9403e-145, -3.53666e-144, -9.74506e-145, -3.27463e-144, -1.22009e-144, -3.04383e-144, -1.43785e-144, -2.83764e-144, -1.63404e-144, -2.65012e-144, -1.8143e-144, -2.47588e-144, -1.98381e-144, -2.30991e-144, -2.14745e-144, -2.15233e-144, 
0, -4.52158e-145, -4.00345e-146, -4.14542e-145, -7.49726e-146, -3.82047e-145, -1.05271e-145, -3.53742e-145, -1.31801e-145, -3.2881e-145, -1.55324e-145, -3.06536e-145, -1.76517e-145, -2.86279e-145, -1.9599e-145, -2.67457e-145, -2.14301e-145, -2.49529e-145, -2.31978e-145, -2.32505e-145, 
0, -4.88444e-146, -4.32473e-147, -4.47809e-146, -8.09892e-147, -4.12707e-146, -1.13719e-146, -3.82129e-146, -1.42378e-146, -3.55197e-146, -1.67789e-146, -3.31136e-146, -1.90683e-146, -3.09253e-146, -2.11718e-146, -2.88921e-146, -2.31499e-146, -2.69553e-146, -2.50595e-146, -2.51164e-146, 
0, -5.27642e-147, -4.67179e-148, -4.83746e-147, -8.74886e-148, -4.45827e-147, -1.22845e-147, -4.12795e-147, -1.53803e-147, -3.83702e-147, -1.81254e-147, -3.57709e-147, -2.05985e-147, -3.34071e-147, -2.28708e-147, -3.12107e-147, -2.50077e-147, -2.91185e-147, -2.70705e-147, -2.7132e-147, 
0, -5.69985e-148, -5.0467e-149, -5.22566e-148, -9.45096e-149, -4.81604e-148, -1.32703e-148, -4.45922e-148, -1.66146e-148, -4.14494e-148, -1.95799e-148, -3.86416e-148, -2.22515e-148, -3.6088e-148, -2.47062e-148, -3.37153e-148, -2.70146e-148, -3.14553e-148, -2.92429e-148, -2.93093e-148, 
0, -6.15727e-149, -5.4517e-150, -5.64502e-149, -1.02094e-149, -5.20253e-149, -1.43353e-149, -4.81708e-149, -1.79479e-149, -4.47757e-149, -2.11512e-149, -4.17426e-149, -2.40372e-149, -3.89841e-149, -2.66889e-149, -3.6421e-149, -2.91825e-149, -3.39796e-149, -3.15896e-149, -3.16614e-149, 
0, -6.65139e-150, -5.8892e-151, -6.09804e-150, -1.10287e-150, -5.62004e-150, -1.54857e-150, -5.20365e-150, -1.93883e-150, -4.8369e-150, -2.28486e-150, -4.50924e-150, -2.59662e-150, -4.21126e-150, -2.88307e-150, -3.93438e-150, -3.15244e-150, -3.67064e-150, -3.41247e-150, -3.42022e-150, 
0, -7.18517e-151, -6.36181e-152, -6.58741e-151, -1.19138e-151, -6.07105e-151, -1.67284e-151, -5.62124e-151, -2.09442e-151, -5.22506e-151, -2.46822e-151, -4.87111e-151, -2.805e-151, -4.54921e-151, -3.11444e-151, -4.25011e-151, -3.40542e-151, -3.96521e-151, -3.68632e-151, -3.6947e-151, 
0, -7.76178e-152, -6.87234e-153, -7.11605e-152, -1.28698e-152, -6.55825e-152, -1.80709e-152, -6.07235e-152, -2.2625e-152, -5.64437e-152, -2.6663e-152, -5.26202e-152, -3.03011e-152, -4.91429e-152, -3.36437e-152, -4.59118e-152, -3.67871e-152, -4.28342e-152, -3.98215e-152, -3.9912e-152, 
0, -8.38466e-153, -7.42385e-154, -7.68711e-153, -1.39027e-153, -7.08455e-153, -1.95211e-153, -6.55966e-153, -2.44406e-153, -6.09733e-153, -2.88027e-153, -5.68429e-153, -3.27327e-153, -5.30866e-153, -3.63436e-153, -4.95963e-153, -3.97393e-153, -4.62717e-153, -4.30172e-153, -4.31149e-153, 
0, -9.05754e-154, -8.01962e-155, -8.304e-154, -1.50183e-154, -7.65309e-154, -2.10877e-154, -7.08607e-154, -2.6402e-154, -6.58665e-154, -3.11141e-154, -6.14046e-154, -3.53595e-154, -5.73468e-154, -3.92602e-154, -5.35764e-154, -4.29284e-154, -4.9985e-154, -4.64694e-154, -4.65749e-154, 
0, -9.7844e-155, -8.66319e-156, -8.9704e-155, -1.62236e-155, -8.26725e-155, -2.27799e-155, -7.65473e-155, -2.85208e-155, -7.11523e-155, -3.36111e-155, -6.63323e-155, -3.81971e-155, -6.19489e-155, -4.24109e-155, -5.78759e-155, -4.63734e-155, -5.39963e-155, -5.01985e-155, -5.03126e-155, 
0, -1.05696e-155, -9.35842e-157, -9.69028e-156, -1.75255e-156, -8.9307e-156, -2.4608e-156, -8.26902e-156, -3.08096e-156, -7.68623e-156, -3.63083e-156, -7.16555e-156, -4.12625e-156, -6.69203e-156, -4.58144e-156, -6.25205e-156, -5.00948e-156, -5.83295e-156, -5.4227e-156, -5.43502e-156, 
0, -1.14178e-156, -1.01094e-157, -1.04679e-156, -1.89319e-157, -9.64739e-157, -2.65828e-157, -8.93261e-157, -3.3282e-157, -8.30305e-157, -3.92221e-157, -7.74059e-157, -4.45738e-157, -7.22907e-157, -4.9491e-157, -6.75378e-157, -5.4115e-157, -6.30105e-157, -5.85787e-157, -5.87118e-157, 
0, -1.23341e-157, -1.09207e-158, -1.1308e-157, -2.04512e-158, -1.04216e-157, -2.87161e-158, -9.64946e-158, -3.59529e-158, -8.96937e-158, -4.23697e-158, -8.36177e-158, -4.81509e-158, -7.8092e-158, -5.34626e-158, -7.29577e-158, -5.84577e-158, -6.80671e-158, -6.32797e-158, -6.34234e-158, 
0, -1.33239e-158, -1.17971e-159, -1.22155e-158, -2.20925e-159, -1.12579e-158, -3.10206e-159, -1.04238e-158, -3.88382e-159, -9.68916e-159, -4.57699e-159, -9.03281e-159, -5.2015e-159, -8.43589e-159, -5.7753e-159, -7.88126e-159, -6.31489e-159, -7.35295e-159, -6.83579e-159, -6.85132e-159, 
0, -1.43932e-159, -1.27438e-160, -1.31957e-159, -2.38654e-160, -1.21614e-159, -3.351e-160, -1.12603e-159, -4.19549e-160, -1.04667e-159, -4.94429e-160, -9.75769e-160, -5.61892e-160, -9.11288e-160, -6.23877e-160, -8.51373e-160, -6.82167e-160, -7.94303e-160, -7.38436e-160, -7.40114e-160, 
0, -1.55482e-160, -1.37665e-161, -1.42547e-160, -2.57806e-161, -1.31373e-160, -3.61992e-161, -1.2164e-160, -4.53218e-161, -1.13067e-160, -5.34107e-161, -1.05408e-160, -6.06984e-161, -9.84419e-161, -6.73943e-161, -9.19696e-161, -7.36911e-161, -8.58046e-161, -7.97696e-161, -7.99508e-161, 
0, -1.6796e-161, -1.48713e-162, -1.53986e-161, -2.78495e-162, -1.41916e-161, -3.91042e-162, -1.31402e-161, -4.89589e-162, -1.2214e-161, -5.76969e-162, -1.13866e-161, -6.55694e-162, -1.06342e-161, -7.28028e-162, -9.93502e-162, -7.96048e-162, -9.26904e-162, -8.61711e-162, -8.63669e-162, 
0, -1.81438e-162, -1.60647e-163, -1.66344e-162, -3.00844e-163, -1.53305e-162, -4.22423e-163, -1.41947e-162, -5.28879e-163, -1.31942e-162, -6.23271e-163, -1.23004e-162, -7.08314e-163, -1.14876e-162, -7.86452e-163, -1.07323e-162, -8.59931e-163, -1.00129e-162, -9.30864e-163, -9.32978e-163, 
0, -1.95999e-163, -1.73539e-164, -1.79693e-163, -3.24987e-164, -1.65608e-163, -4.56323e-164, -1.53338e-163, -5.71321e-164, -1.42531e-163, -6.73289e-164, -1.32875e-163, -7.65157e-164, -1.24095e-163, -8.49565e-164, -1.15936e-163, -9.28941e-164, -1.08164e-163, -1.00557e-163, -1.00785e-163, 
0, -2.11728e-164, -1.87466e-165, -1.94114e-164, -3.51067e-165, -1.78898e-164, -4.92943e-165, -1.65643e-164, -6.1717e-165, -1.53969e-164, -7.27321e-165, -1.43539e-164, -8.26561e-165, -1.34053e-164, -9.17743e-165, -1.2524e-164, -1.00349e-164, -1.16844e-164, -1.08626e-164, -1.08873e-164, 
0, -2.28719e-165, -2.0251e-166, -2.09691e-165, -3.7924e-166, -1.93254e-165, -5.32501e-166, -1.78936e-165, -6.66698e-166, -1.66325e-165, -7.85688e-166, -1.55058e-165, -8.92892e-166, -1.44811e-165, -9.91392e-166, -1.3529e-165, -1.08402e-165, -1.26221e-165, -1.17344e-165, -1.1761e-165, 
0, -2.47074e-166, -2.18761e-167, -2.26519e-166, -4.09675e-167, -2.08763e-166, -5.75235e-167, -1.93296e-166, -7.20201e-167, -1.79672e-166, -8.4874e-167, -1.67501e-166, -9.64547e-167, -1.56432e-166, -1.07095e-166, -1.46147e-166, -1.17101e-166, -1.3635e-166, -1.2676e-166, -1.27048e-166, 
0, -2.66902e-167, -2.36317e-168, -2.44697e-167, -4.42551e-168, -2.25516e-167, -6.21397e-168, -2.08808e-167, -7.77997e-168, -1.94091e-167, -9.16851e-168, -1.80943e-167, -1.04195e-167, -1.68986e-167, -1.1569e-167, -1.57876e-167, -1.26499e-167, -1.47293e-167, -1.36933e-167, -1.37244e-167, 
0, -2.88321e-168, -2.55281e-169, -2.64334e-168, -4.78066e-169, -2.43614e-168, -6.71265e-169, -2.25565e-168, -8.40432e-169, -2.09667e-168, -9.90429e-169, -1.95464e-168, -1.12557e-168, -1.82547e-168, -1.24974e-168, -1.70545e-168, -1.3665e-168, -1.59113e-168, -1.47922e-168, -1.48258e-168, 
0, -3.11458e-169, -2.75768e-170, -2.85547e-169, -5.16431e-170, -2.63164e-169, -7.25134e-170, -2.43666e-169, -9.07876e-170, -2.26493e-169, -1.06991e-169, -2.1115e-169, -1.2159e-169, -1.97197e-169, -1.35003e-169, -1.84231e-169, -1.47616e-169, -1.71882e-169, -1.59793e-169, -1.60156e-169, 
0, -3.36453e-170, -2.97898e-171, -3.08462e-170, -5.57875e-171, -2.84283e-170, -7.83326e-171, -2.63221e-170, -9.80734e-171, -2.44669e-170, -1.15577e-170, -2.28095e-170, -1.31347e-170, -2.13022e-170, -1.45837e-170, -1.99016e-170, -1.59463e-170, -1.85675e-170, -1.72616e-170, -1.73008e-170, 
0, -3.63453e-171, -3.21805e-172, -3.33216e-171, -6.02644e-172, -3.07097e-171, -8.46188e-172, -2.84344e-171, -1.05944e-171, -2.64304e-171, -1.24852e-171, -2.46399e-171, -1.41888e-171, -2.30117e-171, -1.5754e-171, -2.14987e-171, -1.72259e-171, -2.00576e-171, -1.86468e-171, -1.86892e-171, 
0, -3.92621e-172, -3.4763e-173, -3.59957e-172, -6.51007e-173, -3.31742e-172, -9.14095e-173, -3.07163e-172, -1.14446e-172, -2.85514e-172, -1.34872e-172, -2.66173e-172, -1.53274e-172, -2.48584e-172, -1.70183e-172, -2.3224e-172, -1.86083e-172, -2.16672e-172, -2.01433e-172, -2.0189e-172, 
0, -4.24129e-173, -3.75527e-174, -3.88844e-173, -7.0325e-174, -3.58364e-173, -9.87451e-174, -3.31813e-173, -1.2363e-173, -3.08427e-173, -1.45695e-173, -2.87533e-173, -1.65575e-173, -2.68532e-173, -1.8384e-173, -2.50877e-173, -2.01017e-173, -2.3406e-173, -2.17598e-173, -2.18092e-173, 
0, -4.58165e-174, -4.05663e-175, -4.20049e-174, -7.59686e-175, -3.87123e-174, -1.06669e-174, -3.58441e-174, -1.33551e-174, -3.33178e-174, -1.57387e-174, -3.10608e-174, -1.78862e-174, -2.90082e-174, -1.98593e-174, -2.7101e-174, -2.17148e-174, -2.52843e-174, -2.3506e-174, -2.35594e-174, 
0, -4.94933e-175, -4.38218e-176, -4.53758e-175, -8.20651e-176, -4.18189e-175, -1.1523e-175, -3.87206e-175, -1.44269e-175, -3.59916e-175, -1.70018e-175, -3.35535e-175, -1.93216e-175, -3.13361e-175, -2.14531e-175, -2.92759e-175, -2.34574e-175, -2.73134e-175, -2.53924e-175, -2.545e-175, 
0, -5.34651e-176, -4.73385e-177, -4.90172e-176, -8.86508e-177, -4.51749e-176, -1.24477e-176, -4.18279e-176, -1.55847e-176, -3.88799e-176, -1.83662e-176, -3.62461e-176, -2.08722e-176, -3.38509e-176, -2.31747e-176, -3.16253e-176, -2.53399e-176, -2.95053e-176, -2.74301e-176, -2.74924e-176, 
0, -5.77557e-177, -5.11374e-178, -5.29508e-177, -9.57651e-178, -4.88002e-177, -1.34466e-177, -4.51846e-177, -1.68353e-177, -4.2e-177, -1.98401e-177, -3.91549e-177, -2.25471e-177, -3.65674e-177, -2.50344e-177, -3.41632e-177, -2.73734e-177, -3.18731e-177, -2.96314e-177, -2.96987e-177, 
0, -6.23906e-178, -5.52412e-179, -5.72001e-178, -1.0345e-178, -5.27164e-178, -1.45257e-178, -4.88107e-178, -1.81864e-178, -4.53705e-178, -2.14322e-178, -4.22971e-178, -2.43566e-178, -3.9502e-178, -2.70435e-178, -3.69048e-178, -2.95702e-178, -3.4431e-178, -3.20093e-178, -3.2082e-178, 
0, -6.73975e-179, -5.96743e-180, -6.17905e-179, -1.11752e-179, -5.6947e-179, -1.56914e-179, -5.27278e-179, -1.96458e-179, -4.90115e-179, -2.31522e-179, -4.56914e-179, -2.63112e-179, -4.2672e-179, -2.92137e-179, -3.98664e-179, -3.19432e-179, -3.71941e-179, -3.4578e-179, -3.46566e-179, 
0, -7.28062e-180, -6.44632e-181, -6.67492e-180, -1.2072e-180, -6.1517e-180, -1.69507e-180, -5.69592e-180, -2.12224e-180, -5.29447e-180, -2.50101e-180, -4.93582e-180, -2.84227e-180, -4.60964e-180, -3.15581e-180, -4.30657e-180, -3.45066e-180, -4.01789e-180, -3.73529e-180, -3.74378e-180, 
0, -7.86489e-181, -6.96364e-182, -7.21058e-181, -1.30408e-181, -6.64537e-181, -1.83109e-181, -6.15302e-181, -2.29255e-181, -5.71935e-181, -2.70172e-181, -5.33192e-181, -3.07036e-181, -4.97957e-181, -3.40907e-181, -4.65218e-181, -3.72758e-181, -4.34033e-181, -4.03505e-181, -4.04422e-181, 
0, -8.49605e-182, -7.52247e-183, -7.78923e-182, -1.40873e-182, -7.17866e-182, -1.97804e-182, -6.6468e-182, -2.47653e-182, -6.17833e-182, -2.91853e-182, -5.75981e-182, -3.31676e-182, -5.37918e-182, -3.68264e-182, -5.02551e-182, -4.02672e-182, -4.68864e-182, -4.35887e-182, -4.36877e-182, 
0, -9.17786e-183, -8.12615e-184, -8.41432e-183, -1.52179e-183, -7.75475e-183, -2.13678e-183, -7.1802e-183, -2.67527e-183, -6.67415e-183, -3.15275e-183, -6.22203e-183, -3.58293e-183, -5.81086e-183, -3.97818e-183, -5.42881e-183, -4.34986e-183, -5.0649e-183, -4.70867e-183, -4.71936e-183, 
