9980.17, 9980.17, 9980.18, 9980.2, 9980.23, 9980.27, 9980.31, 9980.37, 9980.44, 9980.52, 9980.61, 9980.72, 9980.83, 9980.97, 9981.13, 9981.3, 9981.5, 9981.73, 9981.98, 9982.25, 9982.55, 9982.88, 9983.24, 9983.64, 9984.07, 9984.54, 9985.05, 9985.6, 9986.21, 9986.89, 9987.65, 9988.51, 9989.46, 9990.51, 9991.67, 9992.94, 9994.33, 9995.84, 9997.52, 10000, 
9999.99, 9999.99, 9999.99, 9999.99, 9999.99, 9999.99, 9999.99, 9999.99, 9999.99, 9999.99, 9999.99, 9999.99, 9999.99, 9999.99, 9999.99, 9999.99, 9999.99, 9999.99, 9999.99, 9999.99, 9999.99, 9999.99, 9999.99, 9999.99, 9999.99, 9999.99, 9999.98, 9999.99, 9999.98, 9999.99, 9999.98, 9999.99, 9999.98, 9999.99, 9999.98, 9999.99, 9999.98, 10000, 9999.97, 10000, 
9999.99, 9999.99, 9999.99, 9999.99, 9999.99, 9999.99, 9999.99, 9999.99, 9999.99, 9999.99, 9999.99, 9999.99, 9999.99, 9999.99, 9999.99, 9999.99, 9999.99, 9999.99, 9999.99, 9999.99, 9999.99, 9999.99, 9999.99, 9999.99, 9999.99, 9999.99, 9999.99, 9999.99, 9999.98, 9999.99, 9999.98, 9999.99, 9999.98, 9999.99, 9999.98, 9999.99, 9999.98, 10000, 9999.97, 10000, 
9999.99, 9999.99, 9999.99, 9999.99, 9999.99, 9999.99, 9999.99, 9999.99, 9999.99, 9999.99, 9999.99, 9999.99, 9999.99, 9999.99, 9999.99, 9999.99, 9999.99, 9999.99, 9999.99, 9999.99, 9999.99, 9999.99, 9999.99, 9999.99, 9999.99, 9999.99, 9999.99, 9999.99, 9999.99, 9999.99, 9999.98, 9999.99, 9999.98, 9999.99, 9999.98, 9999.99, 9999.98, 10000, 9999.98, 10000, 
9999.99, 9999.99, 9999.99, 9999.99, 9999.99, 9999.99, 9999.99, 9999.99, 9999.99, 9999.99, 9999.99, 9999.99, 9999.99, 9999.99, 9999.99, 9999.99, 9999.99, 9999.99, 9999.99, 9999.99, 9999.99, 9999.99, 9999.99, 9999.99, 9999.99, 9999.99, 9999.99, 9999.99, 9999.99, 9999.99, 9999.99, 9999.99, 9999.98, 9999.99, 9999.98, 9999.99, 9999.98, 10000, 9999.98, 10000, 
9999.99, 9999.99, 9999.99, 9999.99, 9999.99, 9999.99, 9999.99, 9999.99, 9999.99, 9999.99, 9999.99, 9999.99, 9999.99, 9999.99, 9999.99, 9999.99, 9999.99, 9999.99, 9999.99, 9999.99, 9999.99, 9999.99, 9999.99, 9999.99, 9999.99, 9999.99, 9999.99, 9999.99, 9999.99, 9999.99, 9999.99, 9999.99, 9999.98, 9999.99, 9999.98, 9999.99, 9999.98, 10000, 9999.98, 10000, 
9999.99, 9999.99, 9999.99, 9999.99, 9999.99, 9999.99, 9999.99, 9999.99, 9999.99, 9999.99, 9999.99, 9999.99, 9999.99, 9999.99, 9999.99, 9999.99, 9999.99, 9999.99, 9999.99, 9999.99, 9999.99, 9999.99, 9999.99, 9999.99, 9999.99, 9999.99, 9999.99, 9999.99, 9999.99, 9999.99, 9999.99, 9999.99, 9999.99, 9999.99, 9999.98, 9999.99, 9999.98, 10000, 9999.98, 10000, 
9999.99, 9999.99, 9999.99, 9999.99, 9999.99, 9999.99, 9999.99, 9999.99, 9999.99, 9999.99, 9999.99, 9999.99, 9999.99, 9999.99, 9999.99, 9999.99, 9999.99, 9999.99, 9999.99, 9999.99, 9999.99, 9999.99, 9999.99, 9999.99, 9999.99, 9999.99, 9999.99, 9999.99, 9999.99, 9999.99, 9999.99, 9999.99, 9999.99, 9999.99, 9999.98, 9999.99, 9999.98, 10000, 9999.98, 10000, 
9999.99, 9999.99, 9999.99, 9999.99, 9999.99, 9999.99, 9999.99, 9999.99, 9999.99, 9999.99, 9999.99, 9999.99, 9999.99, 9999.99, 9999.99, 9999.99, 9999.99, 9999.99, 9999.99, 9999.99, 9999.99, 9999.99, 9999.99, 9999.99, 9999.99, 9999.99, 9999.99, 9999.99, 9999.99, 9999.99, 9999.99, 9999.99, 9999.99, 9999.99, 9999.98, 9999.99, 9999.98, 10000, 9999.98, 10000, 
9999.99, 9999.99, 9999.99, 9999.99, 9999.99, 9999.99, 9999.99, 9999.99, 9999.99, 9999.99, 9999.99, 9999.99, 9999.99, 9999.99, 9999.99, 9999.99, 9999.99, 9999.99, 9999.99, 9999.99, 9999.99, 9999.99, 9999.99, 9999.99, 9999.99, 9999.99, 9999.99, 9999.99, 9999.99, 9999.99, 9999.99, 9999.99, 9999.99, 9999.99, 9999.98, 9999.99, 9999.98, 10000, 9999.98, 10000, 
9999.99, 9999.99, 9999.99, 9999.99, 9999.99, 9999.99, 9999.99, 9999.99, 9999.99, 9999.99, 9999.99, 9999.99, 9999.99, 9999.99, 9999.99, 9999.99, 9999.99, 9999.99, 9999.99, 9999.99, 9999.99, 9999.99, 9999.99, 9999.99, 9999.99, 9999.99, 9999.99, 9999.99, 9999.99, 9999.99, 9999.99, 9999.99, 9999.99, 9999.99, 9999.98, 9999.99, 9999.98, 10000, 9999.98, 10000, 
9999.99, 9999.99, 9999.99, 9999.99, 9999.99, 9999.99, 9999.99, 9999.99, 9999.99, 9999.99, 9999.99, 9999.99, 9999.99, 9999.99, 9999.99, 9999.99, 9999.99, 9999.99, 9999.99, 9999.99, 9999.99, 9999.99, 9999.99, 9999.99, 9999.99, 9999.99, 9999.99, 9999.99, 9999.99, 9999.99, 9999.99, 9999.99, 9999.99, 9999.99, 9999.98, 9999.99, 9999.98, 10000, 9999.98, 10000, 
9999.99, 9999.99, 9999.99, 9999.99, 9999.99, 9999.99, 9999.99, 9999.99, 9999.99, 9999.99, 9999.99, 9999.99, 9999.99, 9999.99, 9999.99, 9999.99, 9999.99, 9999.99, 9999.99, 9999.99, 9999.99, 9999.99, 9999.99, 9999.99, 9999.99, 9999.99, 9999.99, 9999.99, 9999.99, 9999.99, 9999.99, 9999.99, 9999.99, 9999.99, 9999.98, 9999.99, 9999.98, 10000, 9999.98, 10000, 
9999.99, 9999.99, 9999.99, 9999.99, 9999.99, 9999.99, 9999.99, 9999.99, 9999.99, 9999.99, 9999.99, 9999.99, 9999.99, 9999.99, 9999.99, 9999.99, 9999.99, 9999.99, 9999.99, 9999.99, 9999.99, 9999.99, 9999.99, 9999.99, 9999.99, 9999.99, 9999.99, 9999.99, 9999.99, 9999.99, 9999.99, 9999.99, 9999.99, 9999.99, 9999.98, 9999.99, 9999.98, 10000, 9999.98, 10000, 
9999.99, 9999.99, 9999.99, 9999.99, 9999.99, 9999.99, 9999.99, 9999.99, 9999.99, 9999.99, 9999.99, 9999.99, 9999.99, 9999.99, 9999.99, 9999.99, 9999.99, 9999.99, 9999.99, 9999.99, 9999.99, 9999.99, 9999.99, 9999.99, 9999.99, 9999.99, 9999.99, 9999.99, 9999.99, 9999.99, 9999.99, 9999.99, 9999.99, 9999.99, 9999.98, 9999.99, 9999.98, 10000, 9999.98, 10000, 
9999.99, 9999.99, 9999.99, 9999.99, 9999.99, 9999.99, 9999.99, 9999.99, 9999.99, 9999.99, 9999.99, 9999.99, 9999.99, 9999.99, 9999.99, 9999.99, 9999.99, 9999.99, 9999.99, 9999.99, 9999.99, 9999.99, 9999.99, 9999.99, 9999.99, 9999.99, 9999.99, 9999.99, 9999.99, 9999.99, 9999.99, 9999.99, 9999.99, 9999.99, 9999.98, 9999.99, 9999.98, 10000, 9999.98, 10000, 
9999.99, 9999.99, 9999.99, 9999.99, 9999.99, 9999.99, 9999.99, 9999.99, 9999.99, 9999.99, 9999.99, 9999.99, 9999.99, 9999.99, 9999.99, 9999.99, 9999.99, 9999.99, 9999.99, 9999.99, 9999.99, 9999.99, 9999.99, 9999.99, 9999.99, 9999.99, 9999.99, 9999.99, 9999.99, 9999.99, 9999.99, 9999.99, 9999.99, 9999.99, 9999.98, 9999.99, 9999.98, 10000, 9999.98, 10000, 
